function color = gitpage
color = [242,242,244]/255;
%color = [255,255,255]/255;
end

