A = [...
0, 0, 704, 445;
5, 0, 727, 451;
10,0, 747, 453;
15,0, 764, 454;
20,0, 777, 453;
25,0, 788, 452;
30,0, 798, 450;
0, 5,  682, 452;
0,10,  661, 454;
0,15,  645, 455;
0,20, 632, 455;
0,25, 621, 453;
0,30, 613, 452;
-2,0, 691, 440;
-5,0, 674, 432;
-10,0,647, 412;
-15,0,638, 402;
0,-2, 713, 438;
0,-5, 731, 429;
0,-10,758, 408;
0,-15,767, 399;
-10,10,609,407;
-10,20,587,399;
-10,30,570,391;
10,-10,798,404;
20,-10,821,395;
30,-10,837,386;
5,5,706,461;
10,10,708,473;
15,15,708,483;
20,20,707,490;
25,25,707,499;
30,30,709,505;
35,35,709,507;
40,40,709,508;
-2,-2,706,436;
-5,-5,706,422;
-10,-10,707,398;
-15,-15,706,389;
-20,-20,706,388;
-25,-25,706,388;
-20,10,604, 394;
-20,20,582, 386;
10,-20,739, 394;
20,-20,825, 382];

C0 = [701.3750  240.1250];
% 
% A(:,3) = A(:,3) - C0(1);
% A(:,4) = A(:,4) - C0(2);

B = A([1,28:40],:);

